90693
82191
72842
67888
67877
61290
55889
55587
54589
54268
54159
50671
46351
42992
42130
41887
41107
37858
37816
34041
33447
33230
30946
30726
30324
28313
27750
92995
87858
87426
79280
74237
63777
63218
59988
59563
59367
59338
59051
59041
55201
54691
54664
54391
54364
54231
54148
53996
53970
53846
53770
53635
53480
52763
52741
52512
43680
43201
40639
36408
31822
26881
30767
93107
93105
93101
93100
93099
93083
93078
93069
93068
93067
93062
93060
93056
93055
93050
93049
93047
93035
93032
93027
93025
93014
93012
92986
92985
92976
92970
92947
92945
92938
92931
92929
92909
92903
92900
92874
92871
92870
92862
92860
92851
92840
92811
92803
92799
92778
92773
92772
92759
92753
92748
92744
92737
92727
92722
92721
92715
92708
92701
92699
92696
92695
92686
92684
92681
92679
92678
92676
92674
92664
92660
92659
92656
92650
92643
92638
92634
92623
92622
92614
92609
92606
92605
92595
92591
92586
92584
92581
92570
92557
92556
92546
92545
92542
92537
92525
92511
92507
92502
92501
92497
92487
92484
92480
92479
92458
92438
92432
92430
92417
92413
92410
92409
92394
92393
92380
92379
92372
92358
92348
92344
92327
92322
92308
92304
92298
92296
92294
92287
92273
92272
92269
92267
92260
92257
92249
92247
92245
92242
92236
92228
92224
92214
92209
92208
92194
92188
92187
92182
92175
92173
92163
92162
92158
92156
92153
92150
92146
92143
92139
92130
92124
92119
92111
92105
92104
92097
92094
92087
92086
92080
92079
92078
92070
92067
92064
92056
92053
92043
92038
92025
92021
92019
92014
92004
91998
91993
91992
91987
91985
91978
91977
91964
91957
91954
91949
91948
91943
91942
91937
91932
91930
91927
91922
91920
91911
91910
91902
91889
91883
91879
91877
91875
91874
91873
91870
91857
91854
91852
91846
91840
91839
91836
91828
91826
91824
91819
91818
91811
91810
91803
91769
91776
91777
91781
91784
91787
91790
91791
91760
91753
91661
91728
91726
91721
91719
91696
91693
91691
91690
91689
91678
91673
91670
91669
91666
91664
91662
91646
91636
91634
91630
91626
91616
91611
91603
91593
91592
91590
91587
91568
91549
91544
91534
91530
91529
91527
91521
91517
91516
91513
91508
91506
91488
91484
91482
91478
91449
91445
91444
91438
91437
91431
91426
91425
91422
91419
91418
91416
91415
91400
91396
91395
91393
91392
91391
91382
91375
91372
91370
91369
91359
91358
91357
91352
91350
91345
91343
91335
91329
91327
91325
91323
91320
91319
91315
91301
91299
91290
91287
91282
91275
91274
91271
91269
91260
91255
91252
91250
91246
91244
91241
91240
91234
91233
91231
91230
91228
91220
91218
91209
91206
91205
91198
91193
91190
91188
91187
91182
91181
91170
91167
91158
91149
91142
91140
91137
91136
91135
91122
91104
91103
91100
91098
91096
91095
91087
91086
91074
91065
91064
91056
91052
91042
91041
91037
91034
91031
91026
91017
91013
91005
91003
90994
90991
90989
90973
90970
90966
90963
90962
90948
90933
90930
90925
90922
90916
90912
90907
90901
90895
90894
90893
90888
90851
90843
90841
90838
90829
90821
90807
90800
90797
90784
90780
90776
90774
90773
90767
90757
90732
90726
90719
90715
90713
90712
90711
90708
90707
90706
90705
90695
90689
90678
90677
90675
90657
90655
90652
90649
90644
90631
90630
90623
90621
90619
90615
90605
90601
90596
90591
90589
90588
90577
90574
90573
90571
90567
90560
90538
90528
90524
90517
90508
90507
90504
90503
90502
90499
90487
90484
90483
90479
90462
90452
90447
90444
90437
90434
90430
90429
90420
90419
90411
90410
90407
90393
90378
90371
90369
90365
90364
90361
90360
90358
90355
90352
90349
90342
90341
90334
90332
90327
90326
90325
90322
90320
90319
90314
90313
90312
90311
90303
90289
90276
90274
90272
90270
90268
90267
90266
90262
90261
90259
90258
90255
90242
90238
90192
90232
90231
90229
90226
90223
90217
90211
90193
90190
90186
90170
90165
90163
90161
90160
90157
90154
90152
90149
90144
90134
90119
90116
90115
90110
90109
90108
90102
90100
90099
90092
90082
90081
90077
90074
90072
90071
90060
90057
90055
90052
90040
90036
90023
90020
90017
90011
89992
89991
89988
89983
89978
89974
89969
89967
89965
89964
89961
89955
89953
89950
89947
89945
89937
89931
89927
89924
89923
89919
89915
89908
89902
89894
89889
89867
89865
89859
89858
89856
89853
89840
89837
89827
89826
89825
89822
89816
89812
89805
89794
89792
89772
89764
89762
89760
89748
89744
89740
89722
89719
89707
89677
89670
89660
89658
89657
89652
89644
89640
89637
89635
89632
89630
89601
89588
89574
89570
89545
89544
89523
89520
89517
89503
89495
89490
89479
89477
89465
89443
89426
89424
89397
89385
89379
89354
89347
89340
89335
89307
89289
89276
89266
89256
89241
89239
89237
89230
89215
89207
89195
89161
89153
89145
89138
89127
89125
89115
89114
89105
89101
89087
89081
89075
89073
89070
89066
89062
89059
89047
89011
89003
89000
88993
88990
88985
88983
88982
88980
88965
88963
88957
88955
88952
88935
88920
88919
88911
88900
88879
88878
88877
88862
88856
88842
88841
88837
88831
88828
88825
88817
88812
88804
88792
88786
88778
88777
88775
88766
88757
88748
88746
88743
88742
88738
88736
88724
88715
88712
88711
88709
88705
88695
88691
88681
88677
88665
88622
88618
88615
88595
88580
88578
88571
88563
88560
88521
88512
88509
88507
88502
88495
88494
88492
88486
88478
88472
88471
88464
88461
88456
88454
88440
88431
88414
88409
88405
88399
88392
88391
88389
88388
88362
88357
88355
88350
88347
88346
88340
88334
88330
88329
88328
88318
88312
88310
88300
88299
88298
88291
88287
88282
88276
88262
88259
88258
88256
88252
88248
88234
88232
88228
88221
88220
88218
88192
88189
88186
88180
88176
88155
88142
88132
88117
88112
88107
88102
88091
88085
88075
88072
88066
88011
88007
88000
87989
87983
87982
87976
87960
87933
87929
87928
87916
87899
87898
87888
87882
87874
87870
87865
87844
87841
87840
87833
87814
87804
87793
87780
87770
87761
87741
87737
87722
87714
87709
87707
87685
87680
87673
87670
87667
87662
87652
87642
87640
87639
87620
87598
87592
87583
87573
87571
87561
87558
87555
87542
87541
87538
87535
87534
87524
87516
87501
87433
87423
87415
87409
87402
87385
87381
87372
87370
87361
87358
87331
87329
87328
87319
87287
87283
87269
87267
87264
87260
87246
87231
87210
87190
87183
87180
87178
87175
87170
87169
87167
87157
87153
87141
87140
87134
87120
87117
87080
87071
87051
87048
87037
87008
86994
86991
86976
86974
86973
86963
86954
86941
86888
86862
86858
86854
86851
86845
86819
86794
86790
86759
86750
86721
86711
86708
86698
86686
86685
86670
86644
86643
86620
86607
86597
86586
86565
86554
86548
86543
86541
86538
86536
86527
86526
86513
86510
86497
86492
86481
86470
86466
86462
86448
86402
86394
86389
86380
86378
86347
86342
86340
86335
86315
86311
86307
86301
86297
86293
86286
86280
86278
86263
86258
86254
86253
86236
86234
86228
86221
86215
86214
86208
86200
86197
86191
86184
86182
86169
86166
86160
86158
86141
86101
86097
86093
86070
86054
86052
86018
85995
85991
85984
85983
85975
85973
85968
85967
85944
85942
85930
85925
85911
85906
85899
85883
85867
85863
85848
85836
85835
85832
85829
85808
85802
85795
85789
85768
85767
85755
85747
85739
85734
85703
85691
85677
85670
85627
85623
85608
85599
85594
85590
85580
85577
85573
85550
85529
85518
85488
85466
85465
85425
85419
85417
85411
85402
85379
85367
85345
85342
85332
85330
85328
85291
85290
85280
85260
85247
85195
85183
85171
85142
85138
85137
85131
85102
85098
85092
85072
85062
85042
85025
85005
84996
84974
84962
84957
84956
84936
84927
84926
84923
84850
84840
84837
84833
84827
84826
84817
84807
84803
84799
84795
84793
84790
84784
84774
84773
84765
84752
84748
84745
84744
84735
84734
84722
84715
84696
84690
84665
84664
84660
84655
84650
84646
84633
84627
84624
84622
84610
84609
84594
84589
84569
84555
84545
84544
84528
84524
84517
84501
84496
84489
84476
84474
84465
84458
84457
84453
84445
84438
84430
84421
84416
84415
84413
84411
84399
84393
84383
84371
84367
84354
84336
84330
84329
84326
84322
84300
84269
84253
84247
84243
84222
84214
84213
84210
84202
84197
84187
84180
84170
84139
84126
84123
84116
84107
84102
84088
84060
84059
84058
84052
84043
84036
84015
84008
84001
83990
83987
83981
83958
83937
83924
83922
83908
83898
83894
83889
83885
83882
83875
83872
83853
83850
83847
83831
83820
83814
83811
83808
83798
83784
83779
83772
83764
83762
83761
83760
83754
83751
83748
83744
83737
83730
83728
83723
83722
83717
83709
83702
83694
83689
83682
83677
83676
83672
83657
83655
83629
83599
83598
83577
83560
83558
83556
83550
83549
83547
83545
83544
83542
83529
83523
83492
83488
83481
83479
83471
83466
83439
83409
83408
83406
83396
83391
83358
83349
83344
83325
83321
83317
83316
83315
83308
83307
83302
83292
83286
83285
83281
83277
83275
83265
83260
83256
83254
83247
83243
83238
83226
83200
83192
83137
83128
83127
83106
83105
83094
83091
83081
83070
83047
83044
83029
83012
83009
82984
82983
82914
82901
82892
82886
82884
82873
82870
82857
82850
82845
82828
82826
82822
82821
82816
82789
82782
82770
82756
82741
82730
82720
82719
82717
82712
82707
82700
82696
82695
82687
82686
82651
82647
82645
82644
82637
82622
82618
82612
82608
82593
82580
82574
82565
82560
82551
82544
82481
82477
82473
82469
82462
82454
82429
82419
82415
82408
82404
82395
82386
82381
82365
82340
82338
82335
82286
82284
82274
82256
82244
82227
82215
82207
82206
82182
82181
82168
82157
82127
82119
82091
82087
82062
82054
82033
82027
82000
81996
81975
81964
81961
81916
81910
81884
81878
81854
81849
81842
81820
81811
81809
81807
81804
81783
81766
81750
81744
81742
81739
81708
81690
81684
81680
81674
81671
81659
81656
81648
81642
81631
81609
81607
81592
81575
81566
81560
81549
81534
81533
81528
81494
81491
81470
81463
81454
81440
81436
81423
81421
81408
81401
81389
81377
81354
81343
81338
81298
81279
81276
81269
81262
81260
81241
81233
81189
81180
81168
81166
81143
81141
81140
81133
81116
81105
81093
81086
81080
81076
81063
81060
81054
81051
81044
81022
81017
81007
81001
81000
80986
80982
80979
80971
80969
80954
80939
80927
80913
80905
80866
80859
80838
77931
77927
77918
77991
77975
77959
77960
77965
77967
77939
77938
77916
77912
77910
77911
77893
77900
77882
77879
77870
77858
77869
77862
77841
77814
77826
77818
77811
77823
77807
77822
77801
77790
77788
77779
77775
77792
77786
77781
77753
77773
77763
77739
77741
77716
77726
77719
77721
77702
77672
77701
77694
77675
77679
77696
77686
77689
77684
77670
77662
77653
77652
77663
77657
77655
77606
77633
77623
77616
77626
77620
77594
77569
77575
77578
77544
77554
77562
77560
77559
77553
77547
77527
77541
77535
77537
77521
77520
77480
77487
77499
77484
77498
77486
77488
77501
77478
77470
77469
77474
77464
77420
77436
77423
77397
77402
77399
77404
77412
77374
77370
77345
77351
77353
77354
77347
77334
77309
77330
77311
77318
77316
77278
77293
77282
77298
77259
77257
77249
77238
77241
77256
77260
77222
77217
77220
77206
77198
77162
77187
77166
77172
77183
77154
77149
77151
77159
77138
77124
77125
77126
77113
77118
77069
77089
77054
77050
77047
77056
77043
77037
77010
77025
77012
77027
76983
76981
76990
76962
76961
76950
76938
76949
76939
76907
76914
76910
76925
76909
76913
76873
76898
76888
76900
76890
76844
76860
76868
76837
76855
76850
76827
76810
76787
76796
76794
76792
76786
76779
76778
76782
76801
76769
76761
76766
76746
76748
76742
76749
76752
76744
76727
76710
76720
76732
76695
76725
76672
76654
76659
76679
76680
76633
76646
76637
76609
76602
76601
76615
76619
76563
76568
76550
76536
76529
76526
76511
76527
76513
76488
76485
76500
76475
76462
76458
76463
76440
76426
76444
76419
76437
76392
76403
76408
76410
76383
76364
76365
76384
76350
76354
76326
76317
76312
76293
76275
76266
76276
76265
76233
76251
76250
76238
76247
76244
76222
76211
76190
76213
76191
76188
76175
76180
76153
76144
76159
76160
76149
76137
76125
76105
76095
76103
76096
76073
76072
76086
76038
76046
76059
76045
76051
76061
76022
76027
76030
76031
76025
75994
76013
76008
76005
75972
75989
75967
75966
75949
75962
75952
75963
75953
75947
75945
75933
75942
75934
75940
75927
75931
75941
75906
75918
75908
75889
75900
75919
75920
75909
75905
75899
75897
75858
75862
75860
75866
75875
75869
75878
75867
75853
75834
75821
75823
75846
75833
75803
75806
75809
75817
75797
75794
75787
75800
75764
75775
75737
75755
75746
75729
75728
75704
75675
75700
75689
75701
75696
75708
75713
75692
75652
75655
75634
75622
75629
75625
75633
75637
75636
75631
75632
75616
75602
75604
75595
75618
75610
75592
75603
75579
75589
75586
75581
75583
75535
75558
75551
75536
75559
75532
75562
75553
75550
75503
75506
75498
75514
75519
75525
75526
75479
75490
75489
75483
75473
75469
75461
80686
80673
80654
80644
80637
80635
80618
80587
80576
80551
80550
80529
80515
80513
80497
80495
80477
80469
80464
80463
80456
80433
80432
80422
80420
80419
80414
80402
80388
80382
80377
80367
80355
80349
80346
80341
80332
80328
80318
80315
80312
80279
80277
80266
80264
80255
80253
80236
80235
80232
80228
80224
80188
80184
80146
80139
80136
80133
80131
80100
80086
80082
80057
80051
80039
80022
80018
80006
79999
79975
79972
79964
79956
79951
79947
79925
79914
79898
79897
79869
79865
79858
79852
79838
79819
79810
79800
79794
79776
79770
79762
79756
79737
79726
79722
79717
79712
79700
79678
79676
79669
79658
79646
79639
79632
79613
79608
79600
79596
79578
79572
79567
79556
79537
79534
79527
79507
79494
79485
79471
79458
79453
79446
79437
79436
79417
79399
79379
79376
79367
79365
79347
79336
79320
79318
79315
79310
79273
79261
79257
79256
79255
79245
79239
79227
79223
79219
79218
79212
79206
79203
79198
79188
79183
79169
79164
79158
79146
79107
79094
79090
79086
79084
79079
79068
79067
79066
79053
79052
79051
79050
79047
79045
79038
79011
79009
78991
78988
78982
78977
78976
78963
78945
78943
78941
78917
78916
78911
78875
78870
78868
78862
78861
78859
78845
78844
78841
78834
78830
78823
78815
78812
78796
78792
78782
78778
78762
78757
78755
78747
78733
78731
78717
78711
78704
78703
78698
78689
78682
78681
78674
78672
78670
78667
78625
78613
78609
78604
78596
78594
78582
78581
78569
78568
78559
78548
78529
78506
78500
78498
78497
78492
78485
78456
78445
78423
78419
78415
78406
78401
78398
78395
78349
78334
78323
78296
78280
78274
78271
78268
78257
78241
78233
78229
78228
78226
78206
78204
78203
78197
78196
78194
78181
78167
78163
78162
78149
78136
78133
78109
78085
78082
78077
78074
78069
78064
78063
78049
78031
78028
78004
77995
69619
69563
69546
69545
69525
69497
69481
69465
69464
69461
69460
69448
69445
69442
69438
69431
69410
69395
69394
69393
69364
69358
69334
69323
69322
69316
69311
69290
69287
69271
69265
69262
69236
69231
69222
69218
69212
69209
69184
69180
69178
69163
69153
70028
70018
69995
69988
69982
69972
69954
69933
69929
69921
69908
69893
69866
69856
69828
69820
69814
69799
69794
69781
69769
69764
69743
69738
69712
69706
69705
69680
69645
69633
75425
75411
75409
75404
75403
75397
75393
75385
75354
75333
75328
75324
75322
75318
75314
75310
75291
75287
75263
75260
75241
75240
75225
75214
75212
75207
69130
69128
69111
69109
69101
69080
69072
69071
69058
69027
69023
69020
68932
68928
68891
68888
68875
68859
68853
68848
68840
68826
68813
68798
68792
68784
68766
68761
68748
68745
68730
68729
68713
68704
68677
68660
68659
68658
68651
68648
68642
68632
68628
68595
68591
68572
68566
68557
68552
68538
68505
68500
68474
68473
68457
68454
68448
68443
68435
68427
68396
68394
68393
68387
68365
68332
68412
68320
68310
68262
68245
68240
68239
68227
68192
68183
68109
68101
68081
68060
68042
68017
68010
67997
67964
67959
67937
67927
67922
67917
67912
67909
67874
67866
67831
67829
67826
67809
67807
67789
67781
67765
67752
67732
67728
67711
67692
67681
67677
67675
67666
67658
67644
67629
67622
67601
67599
67595
67586
67568
67565
67560
67557
67548
67527
67518
67469
67434
67311
67309
67285
67259
67257
67233
67206
67204
67202
67178
67172
67170
67148
67146
67123
67121
67118
67116
67103
67086
67085
67069
67065
67059
67017
67001
67000
66957
66945
66943
66937
66930
66916
66887
66883
66862
66854
66843
66842
66827
66819
66760
66737
66728
66727
66714
66704
66698
66697
66696
66691
66690
66687
66684
66668
66659
66645
66644
66641
66633
66628
66610
66595
66555
66524
66499
66497
66459
66442
66433
66429
66416
66394
66385
66381
66380
66368
66353
66336
66312
66295
66279
66277
66275
66240
66239
66234
66231
66228
66226
66225
66223
66185
66173
66156
66145
66143
66142
66138
66126
66099
66097
66095
66092
66087
66080
66047
66045
66044
66041
66031
66015
65995
65973
65969
65958
65949
65931
65929
65926
65925
65918
65902
65898
65879
65878
65857
65856
65841
65838
65831
65817
65803
65773
65753
65737
65730
65675
65673
73952
73956
73997
74011
74022
74037
74040
74070
74086
74089
74092
74098
74105
74136
74151
74153
74160
74162
74164
74174
74185
74203
74258
74282
74298
74311
74325
74344
74345
74364
74388
74408
74441
74459
74479
74487
74498
74500
74505
74521
74530
74535
74546
74580
74587
74602
74663
74680
74699
74700
74703
74704
74705
74709
74725
74756
74766
74768
74776
74778
74779
74784
74785
74789
74794
74796
74797
74805
74826
74830
74867
74869
74893
74899
74903
74910
74913
74938
74943
74944
74957
74958
74966
74970
74975
74977
74991
74999
75028
75036
75044
75060
75062
75089
75090
75091
75096
75109
75114
75117
75128
75130
75135
75140
75143
75148
75161
75165
75171
73943
73937
73896
73885
73873
73868
73865
73832
73825
73822
73762
73747
73738
73688
73651
73632
73600
73574
73571
73561
73539
73531
73519
73509
73502
73501
73494
73491
73477
73472
73469
73463
73454
73452
73450
73437
73435
73433
73421
73378
73363
73353
73316
73314
73305
73295
73263
73257
73235
73049
72879
72878
72870
72859
72852
72828
71526
70176
70154
70140
65649
65648
65645
65640
65614
65609
65604
65597
65558
65535
65525
65524
65504
65501
65500
65497
65465
65453
65442
65438
65424
65417
65398
65394
65378
65355
65335
65320
65314
65311
65306
65300
65292
65275
65260
65256
65250
65247
65237
65234
65212
65199
65194
65187
65183
65182
65177
65176
65174
65170
65166
65164
65148
65135
65133
65115
65103
65060
65052
65051
65032
65029
65025
65022
65016
64982
64963
64962
64959
64953
64933
64914
64908
64853
64850
64832
64817
64810
64794
64792
64788
64755
64736
64729
64735
64728
64712
64708
64707
64704
64697
64690
64665
64646
64636
64625
64608
64588
64578
64570
64558
64534
64532
64527
64507
64498
64485
64432
64418
64417
64393
64389
64380
64379
64371
64366
64349
64336
64323
64321
64319
64318
64307
64304
64284
64283
64271
64266
64252
64243
64234
64228
64224
64215
64186
64183
64177
64162
64161
64160
64158
64157
64154
64123
64100
64099
64098
64093
64092
64086
64077
64060
64057
64049
64041
64038
64025
64022
64017
63993
63992
63988
63982
63981
63977
63957
63954
63937
63929
63925
63919
63918
63914
63903
63878
63873
63867
63866
63845
63822
63812
63800
63797
63786
63779
63758
63726
63725
63713
63711
63706
63700
63681
63674
63673
63672
63624
63623
63617
63592
63585
63562
63571
63557
63544
63543
63538
63506
63502
63481
63440
63397
63386
63383
63365
63364
63344
63340
63308
63274
63267
63240
63226
63220
63206
63190
63184
63151
63136
63119
63113
63096
63093
63090
63075
63067
63066
63037
63002
63000
62989
62987
62984
62970
62961
62956
62954
62943
62939
62926
62919
62880
62876
62875
62869
62863
62861
62850
62824
62811
62772
62741
62730
62729
62720
62715
62695
62677
62672
62669
62645
62604
62600
62591
62571
62551
62529
62512
62512
62501
62427
62402
62401
62393
62388
62381
62361
62344
62336
62335
62310
62295
62291
62287
62283
62267
62246
62241
62239
62238
62222
62220
62217
62215
62205
62200
62191
62183
62169
61997
62142
62133
62130
62125
62111
62090
62064
62003
61981
61944
61942
61885
61872
61864
61827
61794
61787
61776
61762
61738
61735
61731
61703
61701
61700
61660
61655
61654
61638
61634
61583
61582
61554
61537
61525
61509
61502
61451
61433
61428
61405
61395
61387
61345
61287
61264
61250
61185
61145
61134
61122
61111
61097
61075
61053
61033
60999
60956
60943
60891
60847
60824
60805
60790
60784
60766
60739
60721
60715
60681
60648
60630
60623
60613
60590
60541
60529
60524
60520
60519
60479
60449
60410
60406
60369
60359
60341
60318
60308
60266
60264
60242
60228
60169
60150
60145
60130
60104
60092
60037
60025
59997
59973
59969
59968
59871
59859
59858
59840
59794
59784
59767
59747
59746
59735
59704
59679
59673
59660
59639
59635
59629
59620
59585
59560
59559
59551
59541
59532
59531
59518
59481
59467
59460
59441
59430
59402
59387
59386
59379
59361
59320
59312
59280
59278
59244
59212
59153
59129
59094
59085
59069
59067
59047
59039
59011
58993
58985
58980
58969
58955
58929
58919
58912
58906
58866
58822
58758
58734
58708
58691
58684
58678
58647
58607
58538
58524
58521
58472
58459
58455
58450
58449
58441
58435
58423
58421
58416
58413
58407
58404
58389
58372
58334
58331
58327
58312
58266
58249
58229
58228
58224
58218
58213
58201
58196
58179
58174
58151
58117
58116
58113
58108
58092
58068
58067
58066
58061
58054
58007
58006
58005
58004
57991
57924
57979
57970
57969
57966
57913
57964
57963
57957
57956
57953
57951
57949
57942
57940
57936
57934
57926
57912
57910
57907
57903
57900
57891
57882
57878
57877
57874
57873
57869
57860
57855
57854
57850
57842
57837
57834
57827
57822
57820
57818
57817
57811
57806
57776
57774
57772
57763
57759
57749
57740
57739
57737
57731
57723
57713
57712
57710
57708
57705
57698
57696
57689
57679
57673
57667
57665
57662
57659
57650
57648
57645
57644
57635
57634
57633
57630
57621
57619
57612
57611
57610
57609
57602
57601
57594
57593
57591
57590
57588
57587
57574
57573
57571
57561
57559
57554
57547
57542
57536
57535
57533
57521
57511
57507
57502
57500
57491
57490
57489
57488
57486
57485
57474
57473
57472
57463
57459
57453
57449
57441
57437
57436
57431
57427
57412
57409
57408
57404
57399
57398
57395
57384
57383
57378
57363
57360
57357
57356
57348
57332
57328
57327
57312
57309
57298
57293
57282
57279
57266
57255
57248
57247
57244
57228
57225
57215
57206
57204
57192
57177
57174
57164
57158
57116
57113
57099
57098
57094
57082
57078
57076
57065
57059
57052
57049
57044
57039
57024
57022
57020
57016
57002
57001
56638
56637
56625
56624
56617
56614
56602
56597
56594
56559
56537
56531
56519
56510
56506
56498
56497
56491
56487
56485
56472
56466
56442
56428
56414
56370
56365
56362
56357
56343
56341
56313
56296
56286
56274
56264
56256
56251
56246
56245
56240
56232
56231
56208
56195
56177
56174
56173
56166
56155
56144
56116
56115
56096
56095
56092
56082
56063
56055
56048
56039
56035
56031
56023
56019
56017
56016
56000
55990
55977
55978
55974
55969
55962
55950
55947
55943
55942
55915
55905
55903
55902
55890
55881
55879
55874
55870
55869
55865
55849
55826
55808
55804
55799
55794
55778
55761
55760
55757
55756
55749
55739
55737
55708
55701
55690
55688
55683
55682
55679
55656
55653
55647
55641
55637
55636
55627
55623
55613
55612
55599
55596
55578
55570
55548
55543
55531
55521
55503
55495
55489
55484
55480
55478
55463
55418
55412
55410
55404
55400
55383
55364
55353
55346
55333
55324
55321
55315
55301
55292
55286
55281
55243
55223
55221
55214
55213
55204
55219
55194
55179
55143
55139
55130
55128
55124
55110
55101
55090
55088
55083
55070
55062
55054
55047
55015
54992
54989
54973
54967
54956
54942
54931
54930
54927
54919
54912
54908
54897
54883
54882
54877
54869
54855
54853
54813
54798
54797
54784
54764
54747
54737
54716
54702
54683
54641
54639
54621
54603
54590
54570
54543
54538
54529
54477
54472
54468
54442
54373
54356
54349
54305
54235
54205
54191
54172
54167
54119
54106
54104
54064
54059
54049
53992
53982
53973
53972
53968
53907
53883
53881
53865
53828
53822
53804
53799
53783
53761
53750
53744
53710
53693
53680
53678
53677
53668
53648
53639
53606
53605
53602
53590
53588
53567
53544
53538
53526
53501
53496
53479
53450
53435
53434
53418
53417
53395
53372
53351
53327
53319
53303
53302
53288
53286
53279
53272
53269
53267
53258
53249
53237
53234
53232
53228
53213
53203
53195
53184
53181
53164
53133
53126
53108
53090
53085
53075
53074
53054
53052
53033
53029
53020
53005
53004
52999
52971
52970
52962
52931
52928
52927
52925
52924
45097
45056
45002
45000
44998
44987
44979
44978
44973
44972
44961
44960
44954
44923
44920
44917
44900
44885
44882
44877
44872
44490
42251
42247
42241
42240
42230
42223
42210
42208
42207
42202
42190
42189
42182
42170
42167
42133
42122
42116
42113
42110
42107
42104
42103
42102
42093
42084
42082
42078
42073
42070
42068
42065
42064
42063
42048
42043
42035
42030
41999
41997
35830
35827
35826
35811
35803
35801
35796
35790
35787
35781
35764
35762
35756
35753
35737
35734
35725
35709
35699
35688
35685
35683
35680
35672
35654
35645
35640
35635
35599
35587
35582
35577
35572
35570
35567
35566
35565
35564
35561
35546
38833
38811
38809
38808
38806
38805
38802
38796
38791
38787
38785
38781
38780
38776
38770
38769
38768
38765
38760
38756
38755
38748
38745
38743
38742
38737
38730
38722
38720
38714
38708
38707
38702
38701
38697
38691
38665
38633
38630
38629
38824
38852
52897
52887
52690
52676
52674
52671
52663
52656
52655
52650
52638
52622
52617
52600
52562
52533
52529
52505
52492
52488
52434
44869
44865
44851
44848
44846
44844
44828
44826
44811
44798
44796
44787
44747
44773
44762
44746
44740
44734
44732
44731
44712
44706
44704
44699
44696
44695
44655
44646
44645
44644
44637
44633
44626
44616
44608
44605
44594
44561
44508
44501
41992
41991
41970
41963
41960
41958
41952
41938
41932
41928
41919
41917
41898
41893
41886
41884
41881
41877
41873
41857
41839
41832
41830
41822
41815
41802
41777
41773
41769
41760
41758
41727
41724
41720
41709
41670
41669
41667
41663
41639
35536
35507
35502
35500
35494
35448
35430
35422
35396
35372
35370
35369
35365
35356
35349
35338
35326
35313
35292
35289
35284
35273
35246
35245
35243
35237
35227
35204
35171
35165
35161
35160
35105
35094
35077
35016
35008
34980
34972
34954
38627
38626
38620
38617
38596
38594
38583
38580
38579
38569
38559
38552
38550
38540
38537
38536
38533
38527
38453
38487
38483
38478
38470
38468
38456
38441
38439
38438
38422
38416
38413
38397
38396
38386
38379
38374
38368
38365
38350
38544
38532
38521
52426
52409
52408
52382
52370
52366
52364
52358
52141
52120
52090
52012
51989
51927
51919
51773
51761
51756
51718
51698
51689
51676
51675
51673
51669
51640
44482
44476
44473
44456
44450
44439
44437
44432
44422
44411
44388
44386
44345
44331
44329
44325
44318
44316
44296
44295
44283
44270
44261
44256
44243
44237
44223
44215
44213
44202
44200
44198
44190
44182
44181
44169
44165
44140
44121
44106
41634
41626
41620
41619
41611
41603
41591
41574
41568
41560
41559
41549
41545
41540
41536
41532
41528
41514
41497
41493
41490
41478
41462
41460
41457
41450
41446
41433
41428
41415
41414
41411
41395
41378
41377
41375
41373
41371
41370
41369
34921
34919
34888
34881
34876
34868
34866
34854
34845
34837
34805
34795
34731
34715
34666
34663
34658
34626
34613
34599
34554
34541
34537
34518
34517
34513
34506
34499
34487
34472
34469
34457
34443
34439
34437
34428
34411
34405
34395
34388
38337
38331
38326
38323
38320
38316
38315
38309
38303
38300
38297
38295
38294
38290
38289
38287
38278
38277
38274
38273
38272
38269
38267
38244
38243
38242
38235
38221
38220
38218
38215
38201
38199
38197
38194
38181
38171
38164
38162
38146
51361
51354
51335
51322
51320
51316
51307
51306
51292
51290
51288
51280
51230
51219
51165
51130
51103
51067
44104
44101
44099
44098
44091
44071
44065
44063
44061
44060
44059
44057
44049
44041
44040
44038
44028
44024
44021
44020
44013
44009
44008
44007
44006
44005
44004
44003
43985
43980
43969
43939
43924
43918
43917
43913
43910
43899
43896
43886
41368
41366
41364
41363
41357
41344
41342
41338
41312
41302
41280
41256
41253
41251
41250
41247
41240
41235
41230
41226
41223
41211
41210
41207
41205
41204
41190
41177
41169
41151
41146
41145
41139
41135
41128
41126
41120
41112
41108
41094
34383
34379
34361
34360
34307
34299
34278
34254
34114
34106
34102
34056
34042
34030
34002
33998
33991
33951
33943
33924
33923
33883
33874
33869
33816
33792
33790
33671
31887
33632
33581
33477
33423
33415
33366
33357
33356
33345
33343
33277
38142
38139
38133
38132
38110
38107
38106
38104
38094
38093
38090
38076
38069
38060
38056
38052
38049
38046
38041
38039
38036
38029
38027
38022
38011
38010
38008
38005
37990
37989
37987
37985
37984
37974
37964
37946
37925
37914
37908
37902
36761
36760
36758
36753
36747
36740
36738
36724
36719
36716
36715
36714
36705
36698
36694
36693
36686
36676
36667
43879
43876
43869
43844
43837
43833
43832
43821
43819
43816
43815
43809
43807
43806
43802
43798
43797
43793
43790
43783
43780
43776
43775
43773
43772
43769
43762
43753
43747
43742
43736
43732
43730
43722
43721
43710
43706
43705
43704
43695
43696
43684
41093
41092
41086
41085
41084
41083
41081
41075
41065
41047
41040
41037
41017
41008
41007
41002
40980
40978
40977
40975
40955
40951
40944
40940
40937
40935
40927
40912
40906
40905
40893
40876
40860
40847
40841
40831
40825
40822
40819
40814
33260
33209
33103
33096
33075
33073
33072
33070
33064
33061
33048
33042
33041
33036
33035
33034
33026
33002
32999
32975
32974
32960
32959
46699
46684
46608
46565
46557
46526
46524
46512
46473
46434
46427
46408
46318
46296
46295
46257
46256
38986
38984
38961
38957
38933
38876
38863
37898
37893
37891
37879
37877
37872
37855
37853
37847
37844
37842
37841
37838
37822
37821
37820
37818
37813
37811
37789
37752
37727
37719
37711
37701
37682
37666
37660
37641
37623
37609
37605
37600
37571
37567
37559
37558
37556
37546
37537
36406
36404
36394
36393
36388
36383
36376
36362
36355
36316
36298
36295
36293
36272
36271
36259
36252
36233
36226
36195
36191
36174
36160
36156
36152
36130
36124
36115
36105
36081
36056
43683
43681
43676
43670
43655
43643
43642
43632
43617
43616
43615
43613
43610
43608
43597
43596
43595
43591
43578
43567
43561
43556
43554
43549
43547
43543
43539
43534
43526
43523
43522
43520
43513
43511
43505
43494
43482
43476
43472
43469
43468
43465
43452
43449
43444
40813
40810
40809
40799
40795
40791
40787
40781
40779
40776
40770
40760
40759
40756
40755
40748
40744
40739
40736
40735
40733
40729
40723
40714
40711
40708
40705
40695
40686
40685
40684
40678
40671
40662
40660
40659
40658
40657
40647
40646
39751
39744
39741
39734
39724
46208
46184
46170
46168
46160
46155
46143
46126
46109
46108
46087
46014
45992
45988
45956
45942
45909
45886
45860
45832
45796
45791
45767
45765
45720
45704
45688
45684
45664
45521
45520
45506
45505
45476
45467
45455
45626
45374
45358
45250
39088
39062
39040
39014
38987
37535
37534
37511
37494
37491
37477
37445
37441
37438
37437
37435
37428
37423
37411
37408
37407
37404
37400
37394
37390
37376
37375
37364
37358
37357
37348
37340
37337
37335
37330
37329
37326
37309
37306
37298
37276
37274
37272
37270
37269
36938
36924
36920
36916
36902
35864
35857
35846
42785
42782
42778
42773
42752
42747
42746
42744
42736
42733
42728
42727
42722
42721
42717
42716
42713
42710
42708
42707
42704
39883
39881
39877
39863
39859
39842
39835
39832
39823
39820
43442
43435
43430
43426
43423
43393
43417
43412
43410
43407
43403
43397
43395
43391
43385
43381
43376
43360
43358
43354
43348
43347
43346
43339
43338
43331
43330
43318
43308
43301
43293
43285
43276
43275
43274
43272
43270
43248
43246
43243
43236
43230
43225
43216
43210
40636
40634
40629
40628
40627
40625
40622
40598
40597
40591
40586
40584
40575
40570
40563
40560
40551
40548
40547
40546
40544
40541
40538
40529
40527
40515
40505
40497
40478
40473
40454
40448
40436
40434
40427
40425
40417
40415
40413
40412
40403
40395
40391
40387
40385
42668
42659
42640
42631
42565
42557
42521
42513
42501
42474
42460
42426
42416
42372
42362
42352
42328
42327
42311
42290
42283
42280
42278
42263
42255
42251
42241
42223
42210
42202
42145
42141
42133
42093
42065
42063
42048
42035
42122
41999
39204
39170
39158
39130
39115
37260
37252
37242
37240
37238
37236
37235
37230
37229
37226
37221
37215
37207
37206
37205
37202
37192
37190
37164
37161
37155
37141
37120
37119
37116
37109
37106
37092
37081
37079
37071
37070
37068
37065
37059
37048
37031
37028
37017
37011
36984
36982
36980
36977
36966
39808
39787
39782
39769
39754
39753
40143
40133
40132
40131
40125
40124
40102
40095
40092
40070
40068
40058
40054
40050
40047
40043
40040
40034
40031
40023
40021
40018
40017
40013
40010
40009
40007
39994
39991
39990
39983
39971
39968
39966
39959
39957
39951
39949
39944
39930
39917
39913
39906
39898
43209
43197
43189
43188
43184
43183
43179
43176
43160
43159
43155
43154
43150
43149
43147
43144
43142
43135
43127
43120
43114
43105
43098
43094
43092
43089
43080
43078
43073
43069
43065
43057
43054
43048
43039
43036
43034
43030
43029
43023
43022
43021
43020
43015
43006
40375
40363
40361
40356
40352
40344
40341
40331
40325
40321
40310
40302
40301
40298
40295
40291
40287
40285
40281
40275
40271
40256
40254
40253
40252
40250
40243
40234
40228
40224
40217
40214
40212
40207
40204
40198
40197
40186
40184
40183
40182
40172
40170
40163
40154
41919
41898
41886
41877
41875
41839
41832
41777
39692
39674
39655
39633
39615
39614
39602
39597
39573
39566
39520
39514
39405
39379
39378
39358
39320
39291
39242
39252
39242
39226
39223
42997
42996
42994
42990
42983
42976
42968
42962
42953
42949
42947
42945
42941
42937
42933
42930
42927
42922
42921
42913
42903
42900
42891
42883
42882
42873
42870
42863
42858
42853
42850
42847
42833
42831
42829
42828
42820
42816
42813
42811
42808
42807
42801
42795
42788
52921
52906
52886
52885
52868
52861
52851
52840
52838
52836
52823
52822
52817
52801
52773
52767
52754
52739
52737
52717
52708
52701
52696
52333
52324
52320
52311
52307
52274
52273
52227
52210
52196
52194
52181
52169
52160
51629
51628
51584
51556
51536
51531
51523
51497
51490
51485
51482
51450
51445
51435
51426
51412
51394
51390
51382
51375
51373
51365
36881
36878
36866
36865
36861
36857
36852
36849
36846
36838
36833
36823
36820
36813
36801
36793
36790
36789
36779
36770
36765
36666
36664
36632
36627
36607
36605
36594
36576
36570
36569
36565
36536
36521
36492
36489
36465
36460
36434
36425
36045
36043
36032
36023
35984
35983
35982
35977
35972
35965
35952
35925
35915
35914
35912
35903
45245
45228
45220
45219
45210
45198
45182
45173
45122
45102
45092
45047
45030
45021
45020
45018
45008
45006
45005
32929
32926
32565
32924
32919
32916
32910
32909
32907
32895
32884
32876
32873
32872
32862
32859
32856
32852
32842
32836
32812
32799
32796
32789
32787
32784
32781
32776
32774
32758
32755
32753
32748
32747
32742
32739
32727
32720
32717
32697
32693
32681
32680
32675
32671
32663
32656
32655
32647
32646
32644
32635
32628
32620
32618
32610
32603
32602
32584
32581
32575
32571
32564
32563
32561
32548
32534
32542
32540
32528
32519
32518
32516
32501
32496
32495
32494
32485
32484
32478
32465
32459
32455
32452
32450
32444
32441
32438
32437
32429
32425
32398
32397
32390
32337
32335
32319
32315
32295
32293
32290
32285
32282
32280
32274
32267
32265
32264
32262
32254
32248
32235
32234
32217
32214
32212
32210
32196
32185
32177
32174
32173
32171
32170
32157
32156
32147
32137
32132
32118
32094
32092
32091
32085
32084
32075
32058
32054
32052
32051
32047
32045
32040
32010
32009
32007
31996
31994
31990
31986
31982
31979
31974
31970
31964
31954
31952
31950
31945
31943
31932
31912
31905
31904
31900
31895
31890
31882
31877
31866
31864
31862
31860
31858
31856
31849
31842
31840
31839
31837
31835
31832
31818
31811
31808
31807
31806
31798
31794
31791
31783
31777
31770
31763
31762
31758
31753
31748
31747
31746
31741
31726
31713
31697
31695
31694
31691
31690
31669
31664
31654
31641
31640
31637
31636
31635
31634
31629
31627
31626
31622
31612
31610
31608
31594
31592
31588
31569
31565
31562
31557
31552
31546
31551
31531
31527
31526
31525
31519
31514
31508
31501
31494
31492
31490
31487
31483
31482
31462
31460
31458
31456
31446
31439
31436
31427
31426
31424
31416
31415
31405
31400
31391
31387
31381
31377
31367
31362
31357
31353
31349
31348
31340
31336
31333
31315
31295
31278
31264
31262
31248
31244
31240
31239
31226
31222
31215
31214
31213
31195
31185
31182
31165
31163
31156
31222
31215
31214
31128
31126
31125
31116
31115
31111
31109
31102
31099
31098
31096
31095
31090
31084
31082
31072
31070
31055
31038
31037
31019
30999
30995
30990
30980
30974
30968
30960
30955
30949
30928
30914
30900
30899
30875
30874
30862
30861
30859
30850
30840
30836
30821
30820
30813
30809
30807
30801
30797
30789
30786
30769
30765
30761
30757
30754
30749
30748
30746
30744
30735
30732
30725
30724
30721
30702
30699
30683
30677
30676
30675
30668
30650
30643
30632
30619
30606
30605
30596
30588
30567
30559
30555
30553
30551
30544
30542
30530
30529
30522
30509
30505
30504
30503
30496
30486
30478
30397
30468
30467
30465
30462
30454
30422
30420
30407
30401
30352
30351
30344
30340
30335
30332
30331
30330
30321
30316
30311
30303
30302
30289
30285
30283
30266
30263
30254
30250
30245
30236
30231
30225
30217
30213
30203
30202
30196
30184
30168
30165
30159
30143
30141
30133
30132
30122
30111
30094
30093
30087
30076
30070
30058
30057
30043
30031
30026
30004
30000
29961
29949
29936
29935
29932
29919
29904
29881
29739
29852
29848
29842
29834
29829
29828
29818
29810
29807
29805
29799
29796
29777
29768
29756
29749
29733
29722
29718
29717
29715
29693
29686
29684
29683
29677
29674
29663
29662
29633
29626
29623
29608
29592
29585
29580
29555
29546
29537
29535
29527
29525
29504
29481
29469
29461
29452
29447
29440
29438
29434
29399
29394
29388
29360
29342
29341
29323
29322
29321
29316
29313
29306
29294
29280
29272
29245
29239
29215
29198
29192
29184
29178
29175
29174
29172
29168
29161
29159
29152
29151
29148
29141
29128
29127
29125
29122
29121
29096
29095
29067
29066
29064
29056
29053
29044
29043
29033
29032
29028
29013
29004
28990
28989
28988
28987
28982
28973
28972
28966
28958
28954
28948
28945
28932
28921
28918
28911
28900
28890
28882
28872
28859
28858
28855
28850
28826
28824
28819
28799
28795
28793
28791
28781
28764
28762
28748
28741
28728
28723
28716
28711
28702
28695
28689
28682
28668
28649
28644
28598
28596
28587
28577
28576
28564
28556
28555
28536
28503
28502
28501
28497
28481
28475
28474
28469
28468
28458
28449
28443
28440
28426
28424
28422
28420
28405
28393
28391
28389
28373
28343
28297
28295
28223
28222
28221
28210
28175
28169
28167
28155
28138
28133
28130
28120
28119
28117
28115
28102
28098
28095
28094
28091
28069
28065
28055
28050
28049
28047
28039
28035
28032
28023
28022
28020
28018
28014
28012
27986
27984
27977
27968
27967
27963
27956
27945
27930
27914
27899
27896
27889
27887
27885
27882
27862
27861
27855
27850
27840
27838
27836
27832
27827
27824
27809
27802
27796
27787
27783
27779
27775
27772
27766
27764
27760
27758
27744
27741
27737
27735
27727
27721
27701
27690
27681
27666
27639
27631
27630
27629
27627
27617
27613
27596
27592
27587
27584
27583
27572
27552
27547
27533
27521
27520
27515
27494
27487
27482
27477
27458
27447
27442
27434
27428
27423
27419
27416
27412
27411
27410
27392
27391
27376
27372
27370
27368
27360
27352
27348
27344
27341
27340
27337
27336
27329
27324
27301
27299
27296
27295
27294
27292
27283
27282
27277
27264
27254
27244
27222
27162
27153
27142
27132
27130
27122
27115
27111
27103
27099
27098
27091
27084
27079
27068
27067
27056
27052
27047
27032
27030
27029
27020
27007
27004
27003
27002
26995
26990
26988
26984
26982
26980
26978
26974
26973
26969
26966
26956
26951
26949
26938
26935
26934
26933
26931
26928
26922
26921
26920
26919
26918
26914
26909
26907
26903
26900
26886
26885
26877
26876
26867
26851
26847
26844
26838
26829
26828
26814
26813
26811
26794
26802
26801
26791
26787
26786
26779
26776
26770
26767
26766
26762
26757
26756
26748
26739
26737
26736
26733
26731
26727
26725
26718
26717
26713
26712
26711
26707
26691
26683
26682
26677
26675
26656
26655
26651
26649
26648
26636
26628
26619
26615
26602
26601
26599
26596
26582
26568
26562
26561
26555
26536
26514
26509
26508
26502
26499
26494
26492
26484
26478
26468
26454
26453
26418
26412
26411
26401
26399
26398
26393
26386
26378
26371
26367
26349
26339
26328
26308
26306
26305
26297
26274
26267
26265
26261
26258
26250
26243
26234
26228
26225
26204
26202
26193
26184
26179
26178
26168
26161
26159
26153
26139
26118
26115
26112
26110
26091
26083
26077
26074
26048
26046
26032
26031
26030
26028
26027
26015
26014
26013
26008
26006
26002
26001
25998
25991
25986
25980
25968
25957
25955
25938
25931
25928
25903
25892
25901
25890
25887
25868
25856
25846
25838
25836
25832
25830
25829
25821
25799
25794
25793
25792
25769
25753
25747
25731
25717
25714
25697
25682
25680
25677
25676
25654
25630
25623
25613
25612
25599
25595
25589
25584
25574
25563
25559
25558
25549
25539
25526
25523
25497
25482
25474
25473
25466
25463
25456
25454
25450
25448
25444
25440
25435
25433
25427
25426
25424
25418
25415
25409
25390
25388
25385
25381
25377
25375
25373
25359
25331
25326
25321
25316
25309
25299
25277
25268
25261
25250
25241
25235
25225
25216
25215
25214
25211
25208
25205
25195
25187
25183
25177
25174
25169
25166
25165
25119
25111
25105
25104
25094
25078
25073
25063
25049
25036
25017
25010
24982
24974
24972
24969
24965
24957
24929
24920
24898
24876
24873
78525
77065
76412
75513
75388
75230
74627
74553
73629
55713
55249
55247
55240
55226
55206
55205
55198
55160
55159
55122
55112
55104
55079
55039
54467
54444
54415
54118
54088
54047
54043
54037
53899
53861
53836
53620
53391
53390
53324
53295
53167
53140
53059
52788
52774
52588
52503
52497
52463
52443
52441
52436
52427
52388
52373
52288
52254
52250
52203
52132
51723
51162
51161
46762
46562
46527
45896
45678
45459
45458
44966
44426
44187
43835
43644
43480
43202
42942
42686
42274
42252
42161
41953
41689
41379
41076
40433
40373
39929
39831
39800
39779
39748
39713
39383
39237
39063
38800
38669
38599
38522
38467
37596
37307
37189
36721
34458
34008
32109
31908
29156
29030
28883
28784
27553
27333
27293
27048
26467
26391
26122
26054
25085
86575
67588
86812
74470
87242
90053
90608
76080
82616
78494
39376
92218
73468
82812
92364
91668
90235
90001
89981
89400
89334
89167
88834
87848
84702
81991
80103
77920
76743
76625
76651
76023
75131
74239
74038
73380
69498
67573
66284
66217
65316
64556
63541
61931
60593
58937
58415
58408
57372
56042
55912
55474
55272
55230
55216
55132
54714
54646
54500
54316
54120
54009
53796
53586
53333
52896
52883
52842
52812
51719
47134
46894
46421
46317
46104
45975
45921
45357
44943
44952
44080
43840
43585
43474
43052
42691
42614
42622
42563
42315
42243
42235
41888
41742
41347
41301
40889
40923
40789
40645
40599
39550
39251
38835
38581
38548
38322
38177
38086
37930
37873
37745
37687
37622
37367
37165
37089
37015
36809
36582
36531
35945
35931
35848
35795
35776
35581
35126
35127
34943
34394
34326
34025
33346
33235
33199
32783
32719
32709
32657
32622
32559
32535
32470
32436
32364
32176
32095
31826
31100
30799
30707
30519
30492
30446
30169
30023
29991
29888
29767
29713
29345
29314
29275
29059
28834
28690
28635
28417
28029
27722
27708
26721
26392
26346
26174
25894
25837
25496
25457
92819
92551
92131
91918
91861
91767
91738
91594
91539
91501
91413
91336
91276
91199
91053
91035
91011
90875
90828
90662
90604
90585
90470
90205
90174
89885
89441
89423
89321
89286
89281
88805
88784
88752
88094
87869
87626
87065
86985
86703
86491
85999
85729
85520
85446
85294
85228
84822
84755
84669
84598
84023
83984
83540
83041
83020
82907
82872
82768
82629
82352
82098
82082
81969
81958
81718
80998
80629
80353
80143
80073
79982
79884
79773
79758
79755
79523
79041
79019
78889
78885
78540
78264
78250
78157
77771
77756
77744
77450
77449
76921
76603
76581
76356
76337
76016
75266
75221
75066
75063
74950
74843
74759
74601
74471
74410
74365
74108
74095
74030
73972
73899
73860
69825
69767
69398
69312
69233
69140
69113
69112
68937
68666
68554
68508
67841
67602
67095
67013
66863
66196
66125
66029
65851
65850
65743
65658
65587
65496
65369
65269
65068
64980
64925
64918
64830
64815
64638
64500
64435
64296
64257
64079
63863
63638
63555
63485
63372
63315
63272
62442
62097
62017
61471
61440
61439
61051
60853
60537
60175
59595
59466
58812
58646
58605
58587
57945
57905
57838
57789
57766
57716
57009
56522
56493
56249
56239
56172
56143
56102
56007
55695
55307
55053
54886
54612
54337
54327
54083
54011
53901
53726
53214
53053
52479
52471
52232
52134
52031
52017
52014
51962
51633
51441
51418
51143
50786
50725
50720
47127
47044
46853
46520
46445
46357
46119
46007
45994
45952
45900
45809
45738
45629
45602
45593
45597
45577
45562
45556
45138
45058
45028
44975
44805
44786
44727
44715
44678
44635
44632
44601
44532
44500
44480
44330
44314
44231
44207
44155
43660
43428
43413
43295
43224
43121
42763
42531
42425
42392
42351
42266
42157
42117
42112
42098
41980
41975
41973
41847
41827
41794
41779
39222
44207
44861
36826
44477
37078
44532
43295
44155
43919
42157
32529
42112
42098
40359
41367
33370
31419
38775
37218
29776
27898
38929
32966
37148
37312
36825
35416
34764
29241
35633
31386
38021
32966
37110
37125
36863
29772
33215
36206
35235
35498
35951
35705
35518
35045
34841
35167
35271
32838
27837
32931
31081
35785
38188
37972
36126
37614
25924
33055
37282
36926
36965
36439
33461
36391
35235
35939
35741
35552
35436
34119
32780
34712
34169
32898
34363
30662
33170
33932
27457
33318
33367
33017
32128
32946
32867
31206
26012
31844
32550
30615
25852
37254
37085
36720
36841
36649
36733
36091
35606
34740
35335
35534
31520
35031
34994
33738
33937
33273
32863
33625
25758
32735
29319
32057
30071
26404
31998
32020
31595
30694
31961
27655
31729
31032
26270
31879
31616
31202
32964
30918
30951
31031
30708
31302
30286
26729
30891
31242
31205
26428
25079
30755
25270
30337
30527
30085
27879
28528
26600
27793
27569
29103
27104
26315
27768
26609
92539
56298
54687
42879
42904
39382
33081
89836
65572
92398
63756
59314
57476
56360
56178
45242
44429
42969
42320
39217
37078
35806
34562
29023
26341
82523
82412
81715
63717
57919
55185
54730
46374
45695
41972
55549
44429
41496
39897
39659
38999
38168
38085
37998
37717
37582
35624
32977
31538
31355
29372
28215
27959
26983
26963
26783
26126
25883
25524
25197